defaultname
  1.000000000   0.000000000
  0.993590000   0.002040000
  0.986980000   0.003990000
  0.980160000   0.005690000
  0.973140000   0.007210000
  0.965930000   0.008600000
  0.958530000   0.009940000
  0.950950000   0.011260000
  0.943180000   0.012550000
  0.935240000   0.013820000
  0.927120000   0.015080000
  0.918840000   0.016340000
  0.910400000   0.017580000
  0.901800000   0.018820000
  0.893040000   0.020050000
  0.884130000   0.021280000
  0.875080000   0.022510000
  0.865890000   0.023730000
  0.856560000   0.024950000
  0.847100000   0.026160000
  0.837510000   0.027380000
  0.827800000   0.028590000
  0.817980000   0.029800000
  0.808030000   0.031000000
  0.797980000   0.032200000
  0.787820000   0.033400000
  0.777570000   0.034590000
  0.767210000   0.035780000
  0.756770000   0.036970000
  0.746240000   0.038150000
  0.735620000   0.039320000
  0.724930000   0.040490000
  0.714160000   0.041660000
  0.703320000   0.042820000
  0.692420000   0.043970000
  0.681460000   0.045120000
  0.670440000   0.046260000
  0.659370000   0.047400000
  0.648250000   0.048520000
  0.637090000   0.049630000
  0.625890000   0.050740000
  0.614660000   0.051830000
  0.603400000   0.052920000
  0.592110000   0.054000000
  0.580810000   0.055060000
  0.569480000   0.056120000
  0.558150000   0.057150000
  0.546810000   0.058180000
  0.535460000   0.059180000
  0.524120000   0.060170000
  0.512780000   0.061140000
  0.501460000   0.062090000
  0.490150000   0.063010000
  0.478860000   0.063910000
  0.467590000   0.064780000
  0.456350000   0.065630000
  0.445150000   0.066450000
  0.433980000   0.067230000
  0.422850000   0.067980000
  0.411770000   0.068690000
  0.400740000   0.069370000
  0.389770000   0.069990000
  0.378850000   0.070570000
  0.368000000   0.071100000
  0.357220000   0.071580000
  0.346510000   0.072000000
  0.335880000   0.072370000
  0.325330000   0.072670000
  0.314870000   0.072900000
  0.304500000   0.073070000
  0.294220000   0.073160000
  0.284040000   0.073170000
  0.273970000   0.073090000
  0.264000000   0.072930000
  0.254150000   0.072680000
  0.244420000   0.072360000
  0.234810000   0.071950000
  0.225320000   0.071450000
  0.215970000   0.070870000
  0.206750000   0.070190000
  0.197670000   0.069430000
  0.188730000   0.068570000
  0.179940000   0.067610000
  0.171310000   0.066580000
  0.162830000   0.065470000
  0.154520000   0.064290000
  0.146370000   0.063030000
  0.138390000   0.061690000
  0.130590000   0.060280000
  0.122970000   0.058790000
  0.115530000   0.057230000
  0.108280000   0.055610000
  0.101230000   0.053920000
  0.094370000   0.052170000
  0.087710000   0.050370000
  0.081260000   0.048510000
  0.075030000   0.046590000
  0.069000000   0.044610000
  0.063200000   0.042590000
  0.057620000   0.040520000
  0.052270000   0.038420000
  0.047150000   0.036300000
  0.042270000   0.034110000
  0.037640000   0.031900000
  0.033250000   0.029690000
  0.029110000   0.027410000
  0.025220000   0.025140000
  0.021600000   0.022910000
  0.018240000   0.020610000
  0.015150000   0.018370000
  0.012330000   0.016160000
  0.009790000   0.013920000
  0.007530000   0.011780000
  0.005560000   0.009670000
  0.003880000   0.007590000
  0.002490000   0.005670000
  0.001410000   0.003840000
  0.000630000   0.002350000
  0.000160000   0.001080000
  0.000000000   0.000160000
  0.000160000   -0.001390000
  0.000630000   -0.002760000
  0.001410000   -0.003860000
  0.002490000   -0.004660000
  0.003880000   -0.005430000
  0.005560000   -0.006230000
  0.007530000   -0.006950000
  0.009790000   -0.007610000
  0.012330000   -0.008240000
  0.015150000   -0.008840000
  0.018240000   -0.009380000
  0.021600000   -0.009880000
  0.025220000   -0.010340000
  0.029110000   -0.010750000
  0.033250000   -0.011110000
  0.037640000   -0.011440000
  0.042270000   -0.011720000
  0.047150000   -0.011960000
  0.052270000   -0.012170000
  0.057620000   -0.012340000
  0.063200000   -0.012470000
  0.069000000   -0.012560000
  0.075030000   -0.012620000
  0.081260000   -0.012650000
  0.087710000   -0.012640000
  0.094370000   -0.012600000
  0.101230000   -0.012530000
  0.108280000   -0.012420000
  0.115530000   -0.012290000
  0.122970000   -0.012130000
  0.130590000   -0.011940000
  0.138390000   -0.011730000
  0.146370000   -0.011490000
  0.154520000   -0.011230000
  0.162830000   -0.010950000
  0.171310000   -0.010650000
  0.179940000   -0.010320000
  0.188730000   -0.009990000
  0.197670000   -0.009630000
  0.206750000   -0.009250000
  0.215970000   -0.008870000
  0.225320000   -0.008470000
  0.234810000   -0.008050000
  0.244420000   -0.007620000
  0.254150000   -0.007190000
  0.264000000   -0.006740000
  0.273970000   -0.006290000
  0.284040000   -0.005830000
  0.294220000   -0.005360000
  0.304500000   -0.004890000
  0.314870000   -0.004420000
  0.325330000   -0.003940000
  0.335880000   -0.003460000
  0.346510000   -0.002980000
  0.357220000   -0.002500000
  0.368000000   -0.002020000
  0.378850000   -0.001540000
  0.389770000   -0.001060000
  0.400740000   -0.000590000
  0.411770000   -0.000120000
  0.422850000   0.000340000
  0.433980000   0.000800000
  0.445150000   0.001250000
  0.456350000   0.001690000
  0.467590000   0.002120000
  0.478860000   0.002550000
  0.490150000   0.002960000
  0.501460000   0.003370000
  0.512780000   0.003770000
  0.524120000   0.004160000
  0.535460000   0.004540000
  0.546810000   0.004900000
  0.558150000   0.005260000
  0.569480000   0.005610000
  0.580810000   0.005950000
  0.592110000   0.006280000
  0.603400000   0.006600000
  0.614660000   0.006910000
  0.625890000   0.007200000
  0.637090000   0.007480000
  0.648250000   0.007710000
  0.659370000   0.007910000
  0.670440000   0.008080000
  0.681460000   0.008210000
  0.692420000   0.008290000
  0.703320000   0.008320000
  0.714160000   0.008320000
  0.724930000   0.008290000
  0.735620000   0.008220000
  0.746240000   0.008110000
  0.756770000   0.007980000
  0.767210000   0.007830000
  0.777570000   0.007660000
  0.787820000   0.007470000
  0.797980000   0.007260000
  0.808030000   0.007030000
  0.817980000   0.006790000
  0.827800000   0.006540000
  0.837510000   0.006270000
  0.847100000   0.005980000
  0.856560000   0.005690000
  0.865890000   0.005380000
  0.875080000   0.005070000
  0.884130000   0.004750000
  0.893040000   0.004410000
  0.901800000   0.004070000
  0.910400000   0.003720000
  0.918840000   0.003370000
  0.927120000   0.003020000
  0.935240000   0.002670000
  0.943180000   0.002320000
  0.950950000   0.001980000
  0.958530000   0.001650000
  0.965930000   0.001350000
  0.973140000   0.001060000
  0.980160000   0.000790000
  0.986980000   0.000530000
  0.993590000   0.000270000
  1.000000000   0.000000000
