defaultname
  1.000000000   0.000000000
  0.993590000   0.002150000
  0.986980000   0.004210000
  0.980160000   0.005990000
  0.973140000   0.007590000
  0.965930000   0.009050000
  0.958530000   0.010460000
  0.950950000   0.011840000
  0.943180000   0.013190000
  0.935240000   0.014520000
  0.927120000   0.015840000
  0.918840000   0.017150000
  0.910400000   0.018450000
  0.901800000   0.019740000
  0.893040000   0.021030000
  0.884130000   0.022320000
  0.875080000   0.023600000
  0.865890000   0.024870000
  0.856560000   0.026150000
  0.847100000   0.027420000
  0.837510000   0.028700000
  0.827800000   0.029970000
  0.817980000   0.031240000
  0.808030000   0.032500000
  0.797980000   0.033760000
  0.787820000   0.035020000
  0.777570000   0.036280000
  0.767210000   0.037530000
  0.756770000   0.038780000
  0.746240000   0.040030000
  0.735620000   0.041270000
  0.724930000   0.042500000
  0.714160000   0.043740000
  0.703320000   0.044970000
  0.692420000   0.046200000
  0.681460000   0.047430000
  0.670440000   0.048650000
  0.659370000   0.049860000
  0.648250000   0.051070000
  0.637090000   0.052270000
  0.625890000   0.053460000
  0.614660000   0.054640000
  0.603400000   0.055820000
  0.592110000   0.056980000
  0.580810000   0.058130000
  0.569480000   0.059270000
  0.558150000   0.060400000
  0.546810000   0.061510000
  0.535460000   0.062600000
  0.524120000   0.063670000
  0.512780000   0.064730000
  0.501460000   0.065760000
  0.490150000   0.066760000
  0.478860000   0.067740000
  0.467590000   0.068700000
  0.456350000   0.069620000
  0.445150000   0.070520000
  0.433980000   0.071390000
  0.422850000   0.072210000
  0.411770000   0.073000000
  0.400740000   0.073740000
  0.389770000   0.074430000
  0.378850000   0.075080000
  0.368000000   0.075670000
  0.357220000   0.076210000
  0.346510000   0.076680000
  0.335880000   0.077110000
  0.325330000   0.077460000
  0.314870000   0.077740000
  0.304500000   0.077940000
  0.294220000   0.078070000
  0.284040000   0.078110000
  0.273970000   0.078050000
  0.264000000   0.077910000
  0.254150000   0.077670000
  0.244420000   0.077360000
  0.234810000   0.076950000
  0.225320000   0.076450000
  0.215970000   0.075850000
  0.206750000   0.075160000
  0.197670000   0.074370000
  0.188730000   0.073480000
  0.179940000   0.072480000
  0.171310000   0.071410000
  0.162830000   0.070250000
  0.154520000   0.069010000
  0.146370000   0.067690000
  0.138390000   0.066280000
  0.130590000   0.064790000
  0.122970000   0.063230000
  0.115530000   0.061580000
  0.108280000   0.059860000
  0.101230000   0.058080000
  0.094370000   0.056220000
  0.087710000   0.054300000
  0.081260000   0.052340000
  0.075030000   0.050290000
  0.069000000   0.048180000
  0.063200000   0.046040000
  0.057620000   0.043830000
  0.052270000   0.041580000
  0.047150000   0.039320000
  0.042270000   0.036970000
  0.037640000   0.034610000
  0.033250000   0.032240000
  0.029110000   0.029790000
  0.025220000   0.027360000
  0.021600000   0.024960000
  0.018240000   0.022480000
  0.015150000   0.020070000
  0.012330000   0.017690000
  0.009790000   0.015270000
  0.007530000   0.012960000
  0.005560000   0.010660000
  0.003880000   0.008410000
  0.002490000   0.006320000
  0.001410000   0.004320000
  0.000630000   0.002670000
  0.000160000   0.001240000
  0.000000000   0.000160000
  0.000160000   -0.001550000
  0.000630000   -0.003080000
  0.001410000   -0.004340000
  0.002490000   -0.005300000
  0.003880000   -0.006240000
  0.005560000   -0.007230000
  0.007530000   -0.008120000
  0.009790000   -0.008960000
  0.012330000   -0.009760000
  0.015150000   -0.010540000
  0.018240000   -0.011260000
  0.021600000   -0.011930000
  0.025220000   -0.012560000
  0.029110000   -0.013140000
  0.033250000   -0.013660000
  0.037640000   -0.014140000
  0.042270000   -0.014590000
  0.047150000   -0.014980000
  0.052270000   -0.015330000
  0.057620000   -0.015640000
  0.063200000   -0.015910000
  0.069000000   -0.016140000
  0.075030000   -0.016330000
  0.081260000   -0.016470000
  0.087710000   -0.016580000
  0.094370000   -0.016640000
  0.101230000   -0.016680000
  0.108280000   -0.016670000
  0.115530000   -0.016630000
  0.122970000   -0.016560000
  0.130590000   -0.016460000
  0.138390000   -0.016320000
  0.146370000   -0.016150000
  0.154520000   -0.015950000
  0.162830000   -0.015730000
  0.171310000   -0.015470000
  0.179940000   -0.015190000
  0.188730000   -0.014890000
  0.197670000   -0.014570000
  0.206750000   -0.014220000
  0.215970000   -0.013850000
  0.225320000   -0.013460000
  0.234810000   -0.013050000
  0.244420000   -0.012620000
  0.254150000   -0.012180000
  0.264000000   -0.011720000
  0.273970000   -0.011250000
  0.284040000   -0.010770000
  0.294220000   -0.010270000
  0.304500000   -0.009770000
  0.314870000   -0.009250000
  0.325330000   -0.008730000
  0.335880000   -0.008200000
  0.346510000   -0.007670000
  0.357220000   -0.007130000
  0.368000000   -0.006590000
  0.378850000   -0.006050000
  0.389770000   -0.005500000
  0.400740000   -0.004960000
  0.411770000   -0.004420000
  0.422850000   -0.003880000
  0.433980000   -0.003350000
  0.445150000   -0.002820000
  0.456350000   -0.002300000
  0.467590000   -0.001790000
  0.478860000   -0.001290000
  0.490150000   -0.000790000
  0.501460000   -0.000300000
  0.512780000   0.000180000
  0.524120000   0.000660000
  0.535460000   0.001120000
  0.546810000   0.001570000
  0.558150000   0.002020000
  0.569480000   0.002450000
  0.580810000   0.002880000
  0.592110000   0.003300000
  0.603400000   0.003710000
  0.614660000   0.004100000
  0.625890000   0.004480000
  0.637090000   0.004840000
  0.648250000   0.005160000
  0.659370000   0.005440000
  0.670440000   0.005690000
  0.681460000   0.005900000
  0.692420000   0.006060000
  0.703320000   0.006170000
  0.714160000   0.006240000
  0.724930000   0.006270000
  0.735620000   0.006270000
  0.746240000   0.006230000
  0.756770000   0.006170000
  0.767210000   0.006080000
  0.777570000   0.005980000
  0.787820000   0.005840000
  0.797980000   0.005700000
  0.808030000   0.005530000
  0.817980000   0.005360000
  0.827800000   0.005160000
  0.837510000   0.004950000
  0.847100000   0.004720000
  0.856560000   0.004480000
  0.865890000   0.004240000
  0.875080000   0.003980000
  0.884130000   0.003710000
  0.893040000   0.003440000
  0.901800000   0.003150000
  0.910400000   0.002850000
  0.918840000   0.002560000
  0.927120000   0.002270000
  0.935240000   0.001980000
  0.943180000   0.001680000
  0.950950000   0.001400000
  0.958530000   0.001130000
  0.965930000   0.000900000
  0.973140000   0.000680000
  0.980160000   0.000490000
  0.986980000   0.000310000
  0.993590000   0.000160000
  1.000000000   0.000000000
